%YAML:1.0
---
camera_matrix: !!opencv-matrix
   rows: 3
   cols: 3
   dt: d
   data: [ 1.4543325030307653e+03, 0., 9.4802803316876077e+02, 0.,
       1.4527392057109350e+03, 5.0813862887364746e+02, 0., 0., 1. ]
distortion_coefficients: !!opencv-matrix
   rows: 1
   cols: 5
   dt: d
   data: [ 1.3246590051523402e-01, -3.9074931303175447e-01,
       -1.5998618241989508e-03, 3.0122587966029536e-03,
       9.2429036807314555e-02 ]
