%YAML:1.0
---
camera_matrix: !!opencv-matrix
   rows: 3
   cols: 3
   dt: d
   data: [ 1433.1529572092302, 0., 964.95927363878729, 0.,
       1431.8771012294767, 532.61766899072722, 0., 0., 1. ]
distortion_coefficients: !!opencv-matrix
   rows: 1
   cols: 5
   dt: d
   data: [ 0.046272321939089867, 0.62012814674225925,
       0.0012641356469598028, 0.0025587091712759519, -3.3028305171250616 ]
