%YAML:1.0
---
camera_matrix: !!opencv-matrix
   rows: 3
   cols: 3
   dt: d
   data: [ 3227.8463163750894, 0., 2036.3422569241343, 0.,
       3228.4305972512993, 1524.3609220638957, 0., 0., 1. ]
distortion_coefficients: !!opencv-matrix
   rows: 1
   cols: 5
   dt: d
   data: [ 0.1383459802404812, -0.39200144412630222,
       -0.00020508151432606868, 6.2969706462013436e-06,
       0.16467718455122579 ]
