%YAML:1.0
---
camera_matrix: !!opencv-matrix
   rows: 3
   cols: 3
   dt: d
   data: [ 1.1633110944310872e+03, 0., 9.4162811234399737e+02, 0.,
       1.1684579839924872e+03, 6.1853516173121625e+02, 0., 0., 1. ]
distortion_coefficients: !!opencv-matrix
   rows: 1
   cols: 5
   dt: d
   data: [ 1.0009594615355155e-01, -2.5622705141667773e-01,
       1.1108544328093134e-03, 2.6988237599819535e-04,
       2.0365128961194895e-01 ]
