# name: debug
# type: sparse matrix
# nnz: 36
# rows: 6
# columns: 6

1 1 9.72380977e+11
2 1 6.25024949e+12
3 1 -3.61437608e+12
4 1 251220216
5 1 71949664.2
6 1 -71744493.8
1 2 6.25024949e+12
2 2 4.01956053e+13
3 2 -2.32413647e+13
4 2 131634558
5 2 -2.21013883e+09
6 2 211604079
1 3 -3.61437608e+12
2 3 -2.32413647e+13
3 3 1.3437997e+13
4 3 1.37275358e+09
5 3 -135426383
6 3 -278860282
1 4 251220216
2 4 131634558
3 4 1.37275358e+09
4 4 1.27042428e+09
5 4 -12123693.1
6 4 -296717631
1 5 71949664.2
2 5 -2.21013883e+09
3 5 -135426383
4 5 -12123693.1
5 5 2.45312111e+09
6 5 -111526754
1 6 -71744493.8
2 6 211604079
3 6 -278860282
4 6 -296717631
5 6 -111526754
6 6 198813741
